0 1 8
0 2 36
0 3 91
0 4 9
0 5 56
0 6 80
0 7 84
0 8 48
0 9 3
0 10 21
0 11 46
0 12 69
0 13 76
0 14 2
0 15 99
0 16 13
0 17 44
0 18 63
0 19 40
1 0 51
1 2 55
1 3 7
1 4 16
1 5 69
1 6 83
1 7 86
1 8 73
1 9 43
1 10 30
1 11 85
1 12 94
1 13 91
1 14 23
1 15 7
1 16 35
1 17 60
1 18 5
1 19 10
2 0 80
2 1 10
2 3 44
2 4 43
2 5 78
2 6 12
2 7 41
2 8 22
2 9 66
2 10 31
2 11 62
2 12 3
2 13 32
2 14 9
2 15 96
2 16 13
2 17 58
2 18 87
2 19 37
3 0 58
3 1 90
3 2 11
3 4 30
3 5 66
3 6 100
3 7 21
3 8 43
3 9 81
3 10 95
3 11 54
3 12 79
3 13 29
3 14 3
3 15 48
3 16 13
3 17 33
3 18 63
3 19 15
4 0 85
4 1 1
4 2 71
4 3 17
4 5 69
4 6 14
4 7 29
4 8 89
4 9 41
4 10 9
4 11 59
4 12 1
4 13 83
4 14 10
4 15 10
4 16 77
4 17 37
4 18 50
4 19 17
5 0 76
5 1 16
5 2 40
5 3 99
5 4 29
5 6 43
5 7 35
5 8 9
5 9 95
5 10 93
5 11 46
5 12 50
5 13 5
5 14 14
5 15 64
5 16 34
5 17 38
5 18 52
5 19 30
6 0 84
6 1 73
6 2 30
6 3 10
6 4 50
6 5 35
6 7 24
6 8 5
6 9 39
6 10 54
6 11 4
6 12 69
6 13 76
6 14 75
6 15 100
6 16 55
6 17 25
6 18 29
6 19 1
7 0 18
7 1 59
7 2 24
7 3 21
7 4 66
7 5 83
7 6 12
7 8 6
7 9 20
7 10 8
7 11 28
7 12 3
7 13 22
7 14 100
7 15 63
7 16 46
7 17 43
7 18 91
7 19 19
8 0 39
8 1 45
8 2 33
8 3 56
8 4 82
8 5 1
8 6 38
8 7 94
8 9 32
8 10 88
8 11 10
8 12 8
8 13 85
8 14 11
8 15 41
8 16 59
8 17 20
8 18 97
8 19 37
9 0 84
9 1 41
9 2 31
9 3 76
9 4 19
9 5 60
9 6 68
9 7 27
9 8 13
9 10 86
9 11 45
9 12 96
9 13 44
9 14 92
9 15 9
9 16 21
9 17 37
9 18 63
9 19 53
10 0 82
10 1 64
10 2 21
10 3 43
10 4 8
10 5 82
10 6 86
10 7 5
10 8 71
10 9 32
10 11 54
10 12 14
10 13 33
10 14 2
10 15 75
10 16 56
10 17 39
10 18 95
10 19 43
11 0 39
11 1 23
11 2 78
11 3 10
11 4 2
11 5 56
11 6 30
11 7 86
11 8 73
11 9 40
11 10 61
11 12 94
11 13 99
11 14 14
11 15 84
11 16 63
11 17 62
11 18 17
11 19 35
12 0 9
12 1 72
12 2 3
12 3 69
12 4 47
12 5 98
12 6 15
12 7 12
12 8 22
12 9 59
12 10 64
12 11 96
12 13 10
12 14 57
12 15 67
12 16 100
12 17 80
12 18 29
12 19 41
13 0 94
13 1 9
13 2 63
13 3 92
13 4 89
13 5 68
13 6 15
13 7 22
13 8 99
13 9 80
13 10 95
13 11 8
13 12 28
13 14 84
13 15 8
13 16 17
13 17 21
13 18 25
13 19 47
14 0 84
14 1 87
14 2 38
14 3 29
14 4 68
14 5 45
14 6 6
14 7 78
14 8 83
14 9 95
14 10 86
14 11 12
14 12 4
14 13 89
14 15 10
14 16 33
14 17 64
14 18 74
14 19 77
15 0 83
15 1 12
15 2 86
15 3 98
15 4 23
15 5 44
15 6 52
15 7 70
15 8 4
15 9 97
15 10 48
15 11 90
15 12 79
15 13 18
15 14 41
15 16 8
15 17 21
15 18 47
15 19 25
16 0 5
16 1 7
16 2 31
16 3 13
16 4 47
16 5 35
16 6 98
16 7 96
16 8 81
16 9 32
16 10 35
16 11 100
16 12 50
16 13 97
16 14 81
16 15 47
16 17 9
16 18 48
16 19 2
17 0 89
17 1 72
17 2 30
17 3 27
17 4 66
17 5 87
17 6 11
17 7 52
17 8 69
17 9 29
17 10 10
17 11 63
17 12 35
17 13 5
17 14 58
17 15 55
17 16 61
17 18 6
17 19 83
18 0 33
18 1 38
18 2 80
18 3 81
18 4 82
18 5 24
18 6 77
18 7 32
18 8 69
18 9 3
18 10 21
18 11 7
18 12 23
18 13 97
18 14 35
18 15 18
18 16 4
18 17 10
18 19 24
19 0 82
19 1 34
19 2 95
19 3 29
19 4 96
19 5 22
19 6 43
19 7 6
19 8 13
19 9 67
19 10 73
19 11 6
19 12 41
19 13 27
19 14 4
19 15 22
19 16 86
19 17 69
19 18 91
